1.459613928764636285e+03,1.638491403473568297e+01,1.623206946405995410e+01,1.265551326093286200e+01,1.332802799626025525e+01,1.550846407458940313e+01,1.527155528860687461e+01,1.503395928861704434e+01,1.420207363462106009e+01,1.437801631267516811e+01,1.522106480649415339e+01,1.463098218616065083e+01,1.143851021206468133e+01,1.305608474409866737e+01,1.405249263408322946e+01,1.803228506336298764e+01,2.083757947285204892e+01,2.199490329320115123e+01,2.292244557746512612e+01,2.195609128778145802e+01,2.407118258781043352e+01,2.760180084611211271e+01,2.839453155047964117e+01,3.148627902979576021e+01,3.079049367760813993e+01,2.812825436648346766e+01,2.770157776537295646e+01,2.696466272828971356e+01,2.587423098241255914e+01,2.372358956201269109e+01,2.311590453620922503e+01,2.365687248966041167e+01,2.552122837241753928e+01,2.389652908679588705e+01,2.305794276737008985e+01,2.321070425502109558e+01,2.812730965472221101e+01,2.571829530484096082e+01,2.685054577868997683e+01,2.804539192400491743e+01,2.853440825150197213e+01,3.380152511989660269e+01,3.766170727577350874e+01,3.520013913462840804e+01,3.266404009412684672e+01,3.391624780149560792e+01,3.142934782575880703e+01,2.739288538834908948e+01,2.496025561237651758e+01,1.761797356651425872e+01,2.453220321151762562e+01,2.247507429027841042e+01,1.379729297303898683e+01,9.041603146106641731e+00,4.210862811023508456e+00,-1.191927876786590623e+00,6.512800277876951149e+00,6.690204396463260039e+00,-1.911670292069177268e+00,-2.566412467375309259e+00,-4.640031028011965653e+00,-1.501393810790237815e+00,-4.732163449197146043e+00,4.361903319751157859e+00,5.056658573012097868e+00,7.861183401811867810e+00,1.165816308979272797e+01,1.216967358806150123e+01,1.680008827039088715e+01,1.019883649433779915e+01,9.070111561303392023e+00,6.191312543623667786e+00,1.600573370469821066e+00,-4.588250178147212033e+00,-1.794891237131962081e+00,-4.598554690797350908e+00,-1.431627832925825139e+01,-1.356210191956370714e+01,-1.689677201737530865e+01,-2.008065551497924517e+01,-1.733443905467643376e+01,-1.624220315402967785e+01,-2.325638633147462553e+00,-3.330890125774187638e+00,-8.079370256285502094e+00,-2.099035196873890285e+00,-4.953617027227434910e+00,-1.041333721634354958e+01,-1.384117211779086531e+01,-1.100942984976153305e+01,-1.006231004621172609e+01,-9.359913486327505083e+00,-7.329230081350362802e+00,-4.887928258745033894e+00,-1.765438184706378477e+00,-6.808185459301838272e+00,-5.752786604738060028e+00,-4.785316215765390346e+00,-4.161230365414890997e+00,-3.229480920621186524e+00,-2.705173271753889885e+00,-2.104185860875413372e+00,-1.758311123715373014e+00,-1.325624218347969174e+00,-1.008343392557551566e+00,-7.464471666642162884e-01,-6.289802701671926011e-01,-4.893595222851535032e-01,-3.967083718366445910e-01,-3.409802905132675033e-01,-2.354489950648503416e-01,-2.365652748790771920e-01,-1.985259232846907085e-01,-1.892522193786572993e-01,-1.482933647041089487e-01,-1.303470382501209224e-01,-9.969229914045564522e-02,-8.509480545962472275e-02,-6.371376852863197549e-02,-6.113773938150471321e-02,-6.328443099853260645e-02,-6.233988648743414573e-02,-6.603219584864369884e-02,-5.392486064848721339e-02,-4.654024634043757436e-02,-3.563505971766693647e-02
1.638491403473568297e+01,1.465596875382202825e+03,1.946395599540552368e+01,1.517528949438448649e+01,1.598170529020540798e+01,1.859627713967629603e+01,1.831219862488852712e+01,1.802729606833334941e+01,1.702977780373766237e+01,1.724075155239879464e+01,1.825165523427475023e+01,1.754408420143457192e+01,1.371597502792725543e+01,1.565561677111399064e+01,1.685041447494814193e+01,2.162260355939408285e+01,2.498644617116560340e+01,2.637419897505727207e+01,2.748641958529861640e+01,2.632765930448365310e+01,2.886387590220003929e+01,3.309745798292716756e+01,3.404802535082645676e+01,3.775535527690610138e+01,3.692103556756762828e+01,3.372873104252191467e+01,3.321710098779188058e+01,3.233346246678227942e+01,3.102592028525474532e+01,2.844707535970495016e+01,2.771839719408384184e+01,2.836707458326182163e+01,3.060263308318731035e+01,2.865444801220010262e+01,2.764889494604350517e+01,2.783207201289962285e+01,3.372759823390565259e+01,3.083893703132726927e+01,3.219662425953741547e+01,3.362937027169455462e+01,3.421575220534209194e+01,4.053157848837297195e+01,4.516034229341926931e+01,4.220866357586430695e+01,3.916761448267202894e+01,4.066914303189973623e+01,3.768708878429492870e+01,3.284694640856113068e+01,2.992996782998368133e+01,2.112580056326872580e+01,2.941668804686723249e+01,2.694997442858638337e+01,1.654440328003514082e+01,1.084183173029154545e+01,5.049266739396533588e+00,-1.429246701712233225e+00,7.809531513904503619e+00,8.022257683245562987e+00,-2.292293445696745202e+00,-3.077398075559956148e+00,-5.563884503236542045e+00,-1.800328857001235461e+00,-5.674360952075605979e+00,5.230380171784675625e+00,6.063464684328751630e+00,9.426384488032470088e+00,1.397936189648570071e+01,1.459271670324867110e+01,2.014507019809365573e+01,1.222947604861210813e+01,1.087601631409442682e+01,7.424033957574834197e+00,1.919255564992557117e+00,-5.501793826172596269e+00,-2.152263094575115332e+00,-5.514150019030239491e+00,-1.716672122649771026e+01,-1.626238450692110149e+01,-2.026100416455078701e+01,-2.407881485277349398e+01,-2.078581290650016200e+01,-1.947610735392956727e+01,-2.788684962014437829e+00,-3.994087074180398655e+00,-9.688013440745713467e+00,-2.516963643805310458e+00,-5.939907049407832318e+00,-1.248668494137506713e+01,-1.659701898282384747e+01,-1.320146261108146213e+01,-1.206576649916623012e+01,-1.122351925748327339e+01,-8.788516590534987571e+00,-5.861139317297967999e+00,-2.116945791528126897e+00,-8.163729368077010662e+00,-6.898195302422970521e+00,-5.738096701347058293e+00,-4.989752224663231317e+00,-3.872486787106923067e+00,-3.243786852806869625e+00,-2.523139830870948064e+00,-2.108399696908908716e+00,-1.589562656166412014e+00,-1.209109624897397817e+00,-8.950685454504875294e-01,-7.542134000608639033e-01,-5.867934602411921663e-01,-4.756950005379190216e-01,-4.088711784129450133e-01,-2.823280721692063566e-01,-2.836666088992803036e-01,-2.380534314072614566e-01,-2.269332864903662594e-01,-1.778193181961330305e-01,-1.562997880368409975e-01,-1.195415364533141261e-01,-1.020376084867675170e-01,-7.639949974884957529e-02,-7.331057026431408996e-02,-7.588467896080790254e-02,-7.475207089500306157e-02,-7.917953758907569917e-02,-6.466157115976377268e-02,-5.580664306491064930e-02,-4.273017903071780338e-02
1.623206946405995410e+01,1.946395599540552368e+01,1.465232031671080222e+03,1.503372875120753172e+01,1.583262200062756975e+01,1.842280415168542618e+01,1.814137562691517047e+01,1.785913074734574835e+01,1.687091770403863222e+01,1.707992341112402102e+01,1.808139700756177604e+01,1.738042646041842332e+01,1.358802731272413489e+01,1.550957535649516927e+01,1.669322754307473033e+01,2.142089987325196887e+01,2.475336331033144432e+01,2.612817064004701351e+01,2.723001604286763566e+01,2.608206510882560991e+01,2.859462293505273323e+01,3.278871258791730270e+01,3.373041270995084062e+01,3.740315928394802825e+01,3.657662241909080336e+01,3.341409689767981916e+01,3.290723951834482364e+01,3.203184390603090748e+01,3.073649896416848648e+01,2.818171046300089344e+01,2.745982967826016008e+01,2.810245596354782904e+01,3.031716034251692804e+01,2.838714866628415834e+01,2.739097577303315845e+01,2.757244409609732472e+01,3.341297465632369068e+01,3.055125995956144180e+01,3.189628217646501795e+01,3.331566300106920409e+01,3.389657494599957488e+01,4.015348485298812165e+01,4.473906982810343180e+01,4.181492546717668546e+01,3.880224441070823360e+01,4.028976614330093042e+01,3.733552960656358266e+01,3.254053787866719460e+01,2.965076996091883288e+01,2.092873124020563225e+01,2.914227824247698706e+01,2.669857504604924614e+01,1.639007093437493978e+01,1.074069509248918308e+01,5.002165301734197378e+00,-1.415914157028161702e+00,7.736681300049855103e+00,7.947423080583282839e+00,-2.270910080069842518e+00,-3.048690962012713168e+00,-5.511982519717842699e+00,-1.783534719989591677e+00,-5.621428403162624043e+00,5.181589240679878472e+00,6.006902431117149277e+00,9.338451668425207686e+00,1.384895721063518614e+01,1.445659041569107828e+01,1.995714949255130222e+01,1.211539494862735467e+01,1.077456078978315013e+01,7.354779808268874675e+00,1.901352035427114062e+00,-5.450471047577331696e+00,-2.132185984132302980e+00,-5.462711977273468911e+00,-1.700658366763045848e+01,-1.611068293724223466e+01,-2.007200198386045642e+01,-2.385419871437033379e+01,-2.059191511472029745e+01,-1.929442698254443300e+01,-2.762671071745310680e+00,-3.956828744792770802e+00,-9.597640048983546279e+00,-2.493484471029175253e+00,-5.884497387758384157e+00,-1.237020450119818804e+01,-1.644219581832342314e+01,-1.307831445901891954e+01,-1.195321254273241784e+01,-1.111882209650072362e+01,-8.706534039860137852e+00,-5.806464430342598959e+00,-2.097198134020501481e+00,-8.087575064933851365e+00,-6.833846371619870297e+00,-5.684569601665431016e+00,-4.943205960524185372e+00,-3.836362790412876311e+00,-3.213527602875526856e+00,-2.499603044325318990e+00,-2.088731760549665584e+00,-1.574734624647405434e+00,-1.197830600721531136e+00,-8.867190132366267186e-01,-7.471778170186968993e-01,-5.813196326510244871e-01,-4.712575406906618913e-01,-4.050570760262150460e-01,-2.796944109312588522e-01,-2.810204612929954604e-01,-2.358327804814053796e-01,-2.248163684112051419e-01,-1.761605534757372526e-01,-1.548417654955838996e-01,-1.184264085510037534e-01,-1.010857637331806502e-01,-7.568681680683424229e-02,-7.262670200511651963e-02,-7.517679845853510179e-02,-7.405475578191551833e-02,-7.844092142035752335e-02,-6.405838398025388847e-02,-5.528605794728214118e-02,-4.233157603194710739e-02
1.265551326093286200e+01,1.517528949438448649e+01,1.503372875120753172e+01,1.457670856307845952e+03,1.234407960906805002e+01,1.436354389447724778e+01,1.414412501907594688e+01,1.392406966358764109e+01,1.315359838745803422e+01,1.331655200858980770e+01,1.409736202226367041e+01,1.355084254891275108e+01,1.059405642803895375e+01,1.209221270461874731e+01,1.301506027970838808e+01,1.670104252617276330e+01,1.929923466137216437e+01,2.037111846712881658e+01,2.123018447456394853e+01,2.033517177757946470e+01,2.229411539589485969e+01,2.556408398103985746e+01,2.629829094144039203e+01,2.916178860414905216e+01,2.851736995642183459e+01,2.605167180481730682e+01,2.565649481892625872e+01,2.497398290602878745e+01,2.396405283361763239e+01,2.197218360049282282e+01,2.140936122813116782e+01,2.191039194964765358e+01,2.363711081929942637e+01,2.213235577765788875e+01,2.135567851610274204e+01,2.149716230990122767e+01,2.605079683687802472e+01,2.381962918606996382e+01,2.486829069777432366e+01,2.597492672393625313e+01,2.642784117447986603e+01,3.130611048423617859e+01,3.488131274604253207e+01,3.260147111410974219e+01,3.025260086404599846e+01,3.141236370601972183e+01,2.910906037495695386e+01,2.537059181228737970e+01,2.311755215612665992e+01,1.631731778448624937e+01,2.272110093959733490e+01,2.081584059823112298e+01,1.277870086231943603e+01,8.374102234813541656e+00,3.899993740763693317e+00,-1.103933200279105575e+00,6.031989513424759863e+00,6.196296683504256997e+00,-1.770540268838993736e+00,-2.376945772913643840e+00,-4.297478397734234790e+00,-1.390552655663465753e+00,-4.382809096469643784e+00,4.039883607775624164e+00,4.683348204149355709e+00,7.280827573342310011e+00,1.079749332131355288e+01,1.127124129912958139e+01,1.555981328275006881e+01,9.445902247601777546e+00,8.400506001883643492e+00,5.734235773255930368e+00,1.482410234340567179e+00,-4.249520295220110988e+00,-1.662382486515818547e+00,-4.259064072028026615e+00,-1.325937186292872205e+01,-1.256087290695691649e+01,-1.564935930336269543e+01,-1.859819099635200601e+01,-1.605471535095097124e+01,-1.504311431640565999e+01,-2.153947188402638879e+00,-3.084985482709991622e+00,-7.482906673268458597e+00,-1.944072865071818423e+00,-4.587913752438697479e+00,-9.644567345648122014e+00,-1.281934060708488765e+01,-1.019665313983727017e+01,-9.319454933349085479e+00,-8.668913153666526483e+00,-6.788145974989769016e+00,-4.527074490411649776e+00,-1.635103820536606634e+00,-6.305567734889403475e+00,-5.328084232925726305e+00,-4.432037833244862668e+00,-3.854025435478171335e+00,-2.991062863260821381e+00,-2.505462490941856135e+00,-1.948843278706298143e+00,-1.628502918416943057e+00,-1.227759342011261579e+00,-9.339019331667475221e-01,-6.913403282054806365e-01,-5.825454845724815645e-01,-4.532323088035530301e-01,-3.674211762542309301e-01,-3.158072486342317631e-01,-2.180668542841498747e-01,-2.191007241782336745e-01,-1.838696468958201102e-01,-1.752805788567128320e-01,-1.373455322811238666e-01,-1.207241024266457047e-01,-9.233246488873704527e-02,-7.881263853936285035e-02,-5.901006744072308241e-02,-5.662421494428965252e-02,-5.861242597026816714e-02,-5.773761293396725142e-02,-6.115733569481818926e-02,-4.994383062067399986e-02,-4.310438918744782799e-02,-3.300428346580626393e-02
1.332802799626025525e+01,1.598170529020540798e+01,1.583262200062756975e+01,1.234407960906805002e+01,1.458949687436086379e+03,1.512682348032983626e+01,1.489574467270191249e+01,1.466399556239724156e+01,1.385258139634594166e+01,1.402419438269867591e+01,1.484649668742863327e+01,1.427093513641637479e+01,1.115702522336569658e+01,1.273479361452747938e+01,1.370668136522347602e+01,1.758853692980578032e+01,2.032479715123053055e+01,2.145364092684905089e+01,2.235835775355233679e+01,2.141578402805638959e+01,2.347882602798861740e+01,2.692256094028535074e+01,2.769578370269004708e+01,3.071144780330153523e+01,3.003278470990179017e+01,2.743605921032399309e+01,2.701988249565090072e+01,2.630110185868063155e+01,2.523750404152117355e+01,2.313978675762972159e+01,2.254705597057327893e+01,2.307471149474492123e+01,2.489318830891191325e+01,2.330847049391653059e+01,2.249052055600112965e+01,2.263952280710571685e+01,2.743513774653579063e+01,2.508540571266267349e+01,2.618979316012736547e+01,2.735523589123226174e+01,2.783221824289948998e+01,3.296971907697763982e+01,3.673490780185890259e+01,3.433391524857853483e+01,3.186022589225089163e+01,3.308161860135302845e+01,3.065591759284079032e+01,2.671878658605566770e+01,2.434602026715083767e+01,1.718442103228304063e+01,2.392850160914695223e+01,2.192199561872758906e+01,1.345776179418870555e+01,8.819102530885034597e+00,4.107239642551445691e+00,-1.162596276892271741e+00,6.352529798712312825e+00,6.525568261685271487e+00,-1.864626885140902024e+00,-2.503256814149218190e+00,-4.525846658083651164e+00,-1.464446707362611955e+00,-4.615711835278548669e+00,4.254563265504279990e+00,4.932221609203823576e+00,7.667731188193506853e+00,1.137127276537612097e+01,1.187019573920725790e+01,1.638666269579585588e+01,9.947858060771853417e+00,8.846909395724200209e+00,6.038953406894834508e+00,1.561185603291582291e+00,-4.475340059119479186e+00,-1.750721591764404783e+00,-4.485390992800582843e+00,-1.396397568066043249e+01,-1.322835844818601281e+01,-1.648096719732587090e+01,-1.958649998371596723e+01,-1.690786388964632891e+01,-1.584250631532444231e+01,-2.268408071454288688e+00,-3.248921796679865803e+00,-7.880548783635399346e+00,-2.047381013967469965e+00,-4.831715764993314011e+00,-1.015708023406885907e+01,-1.350056113743362474e+01,-1.073850390054357007e+01,-9.814691328639838730e+00,-9.129579719685054329e+00,-7.148868460092581145e+00,-4.767643500925487388e+00,-1.721993335835511729e+00,-6.640645983308603562e+00,-5.611218949300319281e+00,-4.667556590084829260e+00,-4.058828578760234507e+00,-3.150008123588059927e+00,-2.638602918297781486e+00,-2.052404927669218448e+00,-1.715041661380470872e+00,-1.293002547238467193e+00,-9.835295380260840048e-01,-7.280781947983469005e-01,-6.135019866357255269e-01,-4.773171009342614957e-01,-3.869459596437112014e-01,-3.325892648077998781e-01,-2.296549400274107422e-01,-2.307437498298045842e-01,-1.936404909830861110e-01,-1.845949993521483756e-01,-1.446440821214990402e-01,-1.271393884855495371e-01,-9.723901762243615521e-02,-8.300074688826684921e-02,-6.214586597123931966e-02,-5.963322912974682727e-02,-6.172709380914446348e-02,-6.080579315551583319e-02,-6.440724018941602902e-02,-5.259784878165967709e-02,-4.539495901959716972e-02,-3.475813307285498255e-02
1.550846407458940313e+01,1.859627713967629603e+01,1.842280415168542618e+01,1.436354389447724778e+01,1.512682348032983626e+01,1.467457468757328115e+03,1.978430067712847773e+01,1.819074968409497473e+01,1.716113908034527569e+01,1.866804933103592745e+01,2.035553771161680814e+01,2.082816705690356329e+01,1.867282218490498025e+01,2.072040371156854377e+01,2.348369440521727824e+01,2.952804522640293072e+01,3.159363318093581086e+01,3.042990994058884269e+01,3.047205249177226705e+01,2.874240589058985407e+01,3.116247796754114674e+01,3.560389853306158869e+01,3.671558815343787074e+01,4.029247204129718796e+01,4.093265367241808406e+01,3.761461032832924190e+01,3.668849952326662134e+01,3.552257147841310569e+01,3.506070396859103511e+01,3.369576655749938254e+01,3.356531747567541402e+01,3.650175201909922862e+01,4.004350262752834766e+01,3.706615518451138058e+01,3.692681692780678304e+01,3.803439881889600116e+01,4.333325981754318690e+01,4.127429789919369796e+01,4.115043605981134789e+01,4.558935369196932186e+01,4.701301141881835122e+01,5.127498330881130073e+01,5.648022300065302659e+01,5.385811769400604732e+01,4.889876303933090185e+01,5.251567945685481931e+01,4.873669827463294268e+01,4.171256546563315482e+01,3.736866232171436053e+01,2.858981692016287823e+01,3.568629789792116469e+01,3.467431566042808555e+01,2.328668407353153569e+01,2.217402674258100959e+01,1.793652176593134939e+01,9.628871470650842923e+00,1.275230547292255423e+01,1.337657873077979787e+01,4.672692064388462185e+00,3.644088343216337122e+00,-1.329129527629490326e+00,-9.966170713371209910e-02,-2.204274723359367361e+00,7.912187062443358343e+00,5.237881606732480044e+00,5.302559952177787750e+00,9.992423859587839630e+00,9.486833049622161340e+00,2.204366726182347591e+01,1.669949649248508905e+01,1.866496508420870626e+01,1.691908176733953439e+01,8.427793487446853860e+00,-8.093761043111442177e+00,4.752371395543578680e-01,-4.046177079446273694e+00,-1.048443964733203337e+01,-1.437067092655186151e+01,-1.891078200300329115e+01,-3.139407956186640192e+01,-2.744398726765647822e+01,-3.001131764710880034e+01,-1.363872202857073646e+01,-1.399102148012373625e+01,-1.784520535943459763e+01,-1.057201890311802295e+01,-1.483432731540349891e+01,-1.894284465375179494e+01,-2.022945785887424464e+01,-1.561195004046156143e+01,-1.234097446776375939e+01,-1.039682492284656590e+01,-8.248932881246547666e+00,-3.956099017406149887e+00,-6.277534734905505509e+00,-1.137743672569724929e+01,-9.613716603800890326e+00,-7.996937331214632572e+00,-6.954001982844462582e+00,-5.396917438700663538e+00,-4.520725517160577134e+00,-3.516390914191049877e+00,-2.938385517513890210e+00,-2.215304761667387101e+00,-1.685083817880422830e+00,-1.247418340549882210e+00,-1.051114613184034319e+00,-8.177886801408861261e-01,-6.629555593200028296e-01,-5.698260870264857392e-01,-3.934684299499138227e-01,-3.953338907295165239e-01,-3.317647769856448825e-01,-3.162671117069224547e-01,-2.478190971511459451e-01,-2.178282581956676456e-01,-1.665998719174344167e-01,-1.422054041550276926e-01,-1.064746802688548849e-01,-1.021697727718152288e-01,-1.057571967907879468e-01,-1.041787298888689900e-01,-1.103490988337196693e-01,-9.011603659121265875e-02,-7.777530607854467315e-02,-5.955120341210168311e-02
1.527155528860687461e+01,1.831219862488852712e+01,1.814137562691517047e+01,1.414412501907594688e+01,1.489574467270191249e+01,1.978430067712847773e+01,1.464556212441784737e+03,1.751013417332989874e+01,1.652676725818917447e+01,1.754383736938120109e+01,1.894462265299808834e+01,1.900208825775661481e+01,1.635543507042957145e+01,1.829613985696193978e+01,2.043427228512910432e+01,2.584082948783175127e+01,2.827422470762747508e+01,2.801292410189517668e+01,2.841531133601859338e+01,2.693809040784419651e+01,2.931422213083708073e+01,3.353270340943319638e+01,3.455171463847138824e+01,3.804972295296646223e+01,3.816950500552752601e+01,3.500803091490639218e+01,3.425385546698793604e+01,3.322342577882233883e+01,3.249159284930887281e+01,3.076327088920809061e+01,3.043510103236246778e+01,3.249730886645706818e+01,3.547579851392677597e+01,3.294867092276983556e+01,3.252133653533858393e+01,3.327838668648710296e+01,3.859675863331111145e+01,3.632813647768486476e+01,3.670930619703167963e+01,3.997951545254046124e+01,4.107122547821666103e+01,4.588089439677817438e+01,5.071233411247987988e+01,4.806897434073646025e+01,4.392851387041908851e+01,4.670607172695922316e+01,4.332637208803142670e+01,3.728192027917563678e+01,3.356966310936109466e+01,2.508406055755579089e+01,3.234029387238096120e+01,3.087139302387013373e+01,2.020719182052529561e+01,1.758136435021168253e+01,1.296391701816034647e+01,5.560130015832491779e+00,1.064321251049596917e+01,1.110691867101466457e+01,2.157841600762442802e+00,1.246903835907148261e+00,-2.714811543375678760e+00,-6.710722689189769774e-01,-3.301407630585040387e+00,6.733711003804820017e+00,5.336864674386442076e+00,6.514146949063176706e+00,1.099651275025351005e+01,1.088651432492436122e+01,2.064410500353520916e+01,1.461449962059033680e+01,1.539057897796795338e+01,1.312804339002160958e+01,5.938131317206829962e+00,-6.939409183964356131e+00,-4.292131910004904349e-01,-4.403260955170813951e+00,-1.238265784181895590e+01,-1.451604336716642329e+01,-1.871704544252298774e+01,-2.784219645055927828e+01,-2.425000251671281504e+01,-2.541860860711605596e+01,-9.502461508093093201e+00,-1.013100385270739956e+01,-1.447453257794261283e+01,-7.485908797418651339e+00,-1.131797534693291851e+01,-1.610939704958222407e+01,-1.830621502346907903e+01,-1.426047697169755502e+01,-1.182369059079792528e+01,-1.031882788584703725e+01,-8.147731434599982947e+00,-4.464011287039650888e+00,-4.655417119895300715e+00,-9.900045382656601944e+00,-8.365349152736833105e+00,-6.958513100096752169e+00,-6.051005765274886095e+00,-4.696112916972779772e+00,-3.933696917983171559e+00,-3.059777915971640283e+00,-2.556828104297432791e+00,-1.927641366476461560e+00,-1.466271065513141680e+00,-1.085437650003300059e+00,-9.146244996812221695e-01,-7.115965785625181228e-01,-5.768689628594988461e-01,-4.958326078001637494e-01,-3.423754758704712908e-01,-3.439987014548381850e-01,-2.886842113660352260e-01,-2.751989604010178225e-01,-2.156391081432258994e-01,-1.895426618274624886e-01,-1.449664219184052805e-01,-1.237396426572991287e-01,-9.264865120143371546e-02,-8.890274774212823805e-02,-9.202433491953226907e-02,-9.065083627121883758e-02,-9.601996589632796897e-02,-7.841422224244234962e-02,-6.767596941132740518e-02,-5.181831642623341977e-02
1.503395928861704434e+01,1.802729606833334941e+01,1.785913074734574835e+01,1.392406966358764109e+01,1.466399556239724156e+01,1.819074968409497473e+01,1.751013417332989874e+01,1.462816154425277091e+03,1.592657006274093057e+01,1.649754754966381753e+01,1.763604454249503206e+01,1.731661377940644897e+01,1.422795068997779033e+01,1.606878336351068981e+01,1.763634854421064091e+01,2.245603939709795327e+01,2.521966755469746957e+01,2.577781112278580622e+01,2.650656932310008784e+01,2.526063874552317756e+01,2.759337716132131746e+01,3.160327876232254596e+01,3.253666693650968966e+01,3.595791577524197180e+01,3.560519506951163748e+01,3.259049946504853068e+01,3.199349092959576524e+01,3.108756548372583950e+01,3.011178791144034506e+01,2.805620501129618205e+01,2.754906464008362832e+01,2.881475763922983546e+01,3.127761723381448888e+01,2.916285403543488641e+01,2.847475987624120108e+01,2.891254099538715749e+01,3.424076052327846753e+01,3.178519948408715479e+01,3.262418317458300265e+01,3.482881425831661204e+01,3.561762786682704274e+01,4.091728917483629147e+01,4.540231884651920069e+01,4.274357516339436813e+01,3.935248037309843028e+01,4.136411312343339830e+01,3.835180535467678453e+01,3.320546700323404110e+01,3.007199214258380238e+01,2.186508541443269138e+01,2.925558806293145864e+01,2.737414932828515290e+01,1.738231143096251330e+01,1.338697978016444523e+01,8.431513644676725150e+00,1.859035542098607774e+00,8.713223438660538278e+00,9.030510097118376933e+00,-1.278795554345264207e-01,-9.306747617529385064e-01,-3.968473269531464176e+00,-1.188704734510213301e+00,-4.292309022001904673e+00,5.654148149769699039e+00,5.418815505419995127e+00,7.604180623194939592e+00,1.189159144840202664e+01,1.214080366022687230e+01,1.934331896784599181e+01,1.270051079921762849e+01,1.239592811826719831e+01,9.667812159792891435e+00,3.669684027076034027e+00,-5.881437927790654108e+00,-1.249477111299584831e+00,-4.720849501152730276e+00,-1.408721845694690522e+01,-1.462653063401911524e+01,-1.851354076732794951e+01,-2.457727894987678852e+01,-2.131523071357086252e+01,-2.121259763838958889e+01,-5.734258221780795139e+00,-6.612595448901787520e+00,-1.139384387487063677e+01,-4.673824955981334739e+00,-8.109730758061225231e+00,-1.351388887075261280e+01,-1.653358095709385722e+01,-1.301277320763250600e+01,-1.133671641675764619e+01,-1.023278408326848599e+01,-8.043835867404016682e+00,-4.918405093258415128e+00,-3.176267647126357119e+00,-8.544500577400608421e+00,-7.219939697542760548e+00,-6.005731984399393042e+00,-5.222483358088535255e+00,-4.053106625239000671e+00,-3.395082980721287669e+00,-2.640823668903377275e+00,-2.206739299574908664e+00,-1.663702754103878911e+00,-1.265504700397738214e+00,-9.368161729271557991e-01,-7.893912869653683106e-01,-6.141625761691238417e-01,-4.978822819208943984e-01,-4.279416750012595139e-01,-2.954963677629168228e-01,-2.968973362844457564e-01,-2.491566771021785920e-01,-2.375178683691617498e-01,-1.861131351243857368e-01,-1.635898948770447836e-01,-1.251171714783717026e-01,-1.067968284251349514e-01,-7.996291159158384898e-02,-7.672990880889002385e-02,-7.942407862415744313e-02,-7.823864365492722017e-02,-8.287261546098040332e-02,-6.767750463050643817e-02,-5.840956655857817287e-02,-4.472319242086810615e-02
1.420207363462106009e+01,1.702977780373766237e+01,1.687091770403863222e+01,1.315359838745803422e+01,1.385258139634594166e+01,1.716113908034527569e+01,1.652676725818917447e+01,1.592657006274093057e+01,1.461437464009699852e+03,1.605826630236319730e+01,1.719447053325476205e+01,1.710757582317432934e+01,1.394683635222730622e+01,1.571206819389705167e+01,1.763251979605898967e+01,2.259564244663543064e+01,2.527170349771564517e+01,2.655478851016282960e+01,2.743343452928517934e+01,2.637838175736295554e+01,2.903850593825569604e+01,3.301600462119351675e+01,3.368523661823120108e+01,3.712870511797422068e+01,3.701750690273271260e+01,3.387062899409434635e+01,3.302577521311332021e+01,3.180994732311924267e+01,3.081949389413304985e+01,2.849818959181672184e+01,2.858916951929522199e+01,3.016049791850960915e+01,3.311877656245673052e+01,3.070363792907804878e+01,2.981389252294352232e+01,3.060610110752825008e+01,3.665652025369865896e+01,3.346245527268311548e+01,3.422331692890314514e+01,3.607455463568825849e+01,3.648211552407712333e+01,4.053214847590717795e+01,4.383880804921624019e+01,4.129008630288532089e+01,3.765829201555359873e+01,3.879764232615020347e+01,3.581590882545572896e+01,3.086062573995826241e+01,2.803291435021879607e+01,1.987022347812602163e+01,2.693984872962408517e+01,2.515433706099641853e+01,1.567368722815285764e+01,1.146399668186976939e+01,6.754201662625411551e+00,5.242693882258394611e-01,6.216225015417722766e+00,5.840630130320129787e+00,-3.768297823293976556e+00,-3.049985152717002101e+00,-5.566966465060200875e+00,-3.064603450232068926e+00,-7.185657696070780531e+00,7.865790188548166251e-01,5.465507528431821083e-01,2.958286457359836863e+00,6.730002681273186127e+00,6.958204863325746281e+00,1.363427190003908507e+01,8.359698379603347718e+00,8.134103107046522396e+00,5.698434359219545442e+00,-6.191377405401662370e-01,-7.419803077768572841e+00,-2.524359948001369425e+00,-6.550913028873538657e+00,-1.723758035483591300e+01,-1.754211198692906137e+01,-2.197180658013524024e+01,-2.856245445396739768e+01,-2.472491428767722610e+01,-2.531054637429271281e+01,-8.718150880396892788e+00,-8.195754827292299538e+00,-1.188867071117999963e+01,-4.750577940528001974e+00,-8.410043797564259904e+00,-1.368994236019979027e+01,-1.657283455816158835e+01,-1.331692009026615509e+01,-1.256112801934125756e+01,-1.111857085773709386e+01,-8.564307387786282533e+00,-5.092396276081773365e+00,-4.427828394375640464e+00,-9.290811468165003362e+00,-7.850558137804843462e+00,-6.530296661570120342e+00,-5.678635964279030723e+00,-4.407121185650622053e+00,-3.691623121436247601e+00,-2.871483781432818905e+00,-2.399484745307191247e+00,-1.809017213753714604e+00,-1.376038947737890483e+00,-1.018641448280168005e+00,-8.583398825210866168e-01,-6.678059945460057545e-01,-5.413693138369515268e-01,-4.653198142818800731e-01,-3.213062036269423438e-01,-3.228295383483224534e-01,-2.709190188497899721e-01,-2.582636299627525389e-01,-2.023690015029356581e-01,-1.778784912742013280e-01,-1.360454061774152845e-01,-1.161248910112147315e-01,-8.694719244421433846e-02,-8.343180625423494978e-02,-8.636129564804159719e-02,-8.507232004237466616e-02,-9.011104149939030972e-02,-7.358872885104167372e-02,-6.351129196108988573e-02,-4.862949510890635790e-02
1.437801631267516811e+01,1.724075155239879464e+01,1.707992341112402102e+01,1.331655200858980770e+01,1.402419438269867591e+01,1.866804933103592745e+01,1.754383736938120109e+01,1.649754754966381753e+01,1.605826630236319730e+01,1.463021426292857086e+03,1.846897350289425788e+01,1.877591438914851452e+01,1.604507586519228468e+01,1.790435538065686316e+01,2.042273838139975339e+01,2.598447525582579942e+01,2.832749499300597407e+01,2.886053852111866291e+01,2.942886309724278604e+01,2.815979532999890722e+01,3.089314380487936518e+01,3.507803531107763462e+01,3.581015232765207656e+01,3.933445578900262518e+01,3.971271378193732460e+01,3.640634402877381604e+01,3.538363478960052788e+01,3.401675187052179439e+01,3.326631454509236363e+01,3.124513957782623308e+01,3.156499530520531493e+01,3.395413837367570409e+01,3.746887016111818269e+01,3.461688446047194390e+01,3.396791341481770132e+01,3.510791526343142976e+01,4.121525142100870198e+01,3.814089465246620136e+01,3.844138717678384154e+01,4.132123296335392837e+01,4.199704487290571819e+01,4.545711667152627200e+01,4.900928592497157155e+01,4.648320387060856262e+01,4.208428715998149983e+01,4.390990103473061623e+01,4.056382717867360554e+01,3.472972187111705722e+01,3.135159083429044813e+01,2.290958285377746151e+01,2.982417342443185149e+01,2.845480521861048828e+01,1.834312302492275748e+01,1.547066715089687960e+01,1.111354354176071091e+01,4.083026720212959759e+00,7.922566437572378995e+00,7.632640350070159840e+00,-1.814871635046149123e+00,-1.073059848040575082e+00,-4.464277954146410821e+00,-2.714022926737597707e+00,-6.455868740945693851e+00,1.441718501907995442e+00,4.851942217311999705e-02,1.481246109119329191e+00,5.405292041742124631e+00,5.275431954797777934e+00,1.444719893026991642e+01,9.894020805975463517e+00,1.074735377717260754e+01,8.796766517324503099e+00,1.264160526749122493e+00,-8.607299235143036853e+00,-1.821585730342641485e+00,-6.397710986754661988e+00,-1.582969607677074642e+01,-1.769617823937054979e+01,-2.248746711648954744e+01,-3.216637326936145769e+01,-2.794887574428680921e+01,-2.985536252188500939e+01,-1.271982864266802871e+01,-1.182921364919108598e+01,-1.499756191887817991e+01,-7.551407743124042504e+00,-1.162606368880597607e+01,-1.629153960355836972e+01,-1.834849088833792052e+01,-1.459175153326784979e+01,-1.315926739127556466e+01,-1.128871499385680366e+01,-8.718838583841076684e+00,-4.660482734750146960e+00,-6.006305143226931875e+00,-1.070727962174836279e+01,-9.047446658054967727e+00,-7.525899390810822709e+00,-6.544395325208443026e+00,-5.079026630061642678e+00,-4.254444421218702921e+00,-3.309267428627387986e+00,-2.765307874791881559e+00,-2.084818233002281751e+00,-1.585828518244149610e+00,-1.173942540800753109e+00,-9.892015529690962872e-01,-7.696190522415243818e-01,-6.239059571651316416e-01,-5.362620242729025932e-01,-3.702922374675592931e-01,-3.720478183309991471e-01,-3.122230711078397558e-01,-2.976382538397474020e-01,-2.332219842465355075e-01,-2.049976744543480500e-01,-1.567867575601140373e-01,-1.338291798690102730e-01,-1.002030775262350293e-01,-9.615173894902623308e-02,-9.952785546973338948e-02,-9.804236388670070634e-02,-1.038492839561946518e-01,-8.480799546056651261e-02,-7.319416226408403947e-02,-5.604350102029787700e-02
1.522106480649415339e+01,1.825165523427475023e+01,1.808139700756177604e+01,1.409736202226367041e+01,1.484649668742863327e+01,2.035553771161680814e+01,1.894462265299808834e+01,1.763604454249503206e+01,1.719447053325476205e+01,1.846897350289425788e+01,1.478679222262889880e+03,3.281114457361537973e+01,3.162213427816571354e+01,3.532855838726494113e+01,4.003870320055224141e+01,4.823593078156081049e+01,5.357236478245641109e+01,5.485854939111934669e+01,5.796050941530580758e+01,5.826016512295355199e+01,5.951862482077889638e+01,6.426503338478362082e+01,6.539374688670638136e+01,6.945766718689401387e+01,7.245473495818782794e+01,6.975298485089163592e+01,6.918834515122989615e+01,6.990811256128539242e+01,7.042098442369326960e+01,7.025692904844976283e+01,7.362095871647753142e+01,7.941327029903793289e+01,8.692913525710758904e+01,8.301431522596618606e+01,8.239200086717775662e+01,8.243899362770183359e+01,9.066512752277255061e+01,8.628583917014927351e+01,8.530689313016661401e+01,9.195720358495695734e+01,9.148867644080128514e+01,9.478697718035147091e+01,9.874468800729133022e+01,9.493293587302315473e+01,9.025880129567798349e+01,9.236223362410584059e+01,8.628120541132847165e+01,8.187154082726848969e+01,7.933375371976381984e+01,6.364318654826855237e+01,6.522345902472406465e+01,6.560051832836252572e+01,5.527696556704097475e+01,5.747869674358940983e+01,5.305112824448693942e+01,4.214975843975378922e+01,4.107070948985685277e+01,3.483514350288968586e+01,1.986643909663012408e+01,1.576659658610226522e+01,1.338152385350435836e+01,1.809169409018377550e+01,1.259033620167148015e+01,2.697593940167033111e+01,2.509707187869116751e+01,2.534741940725485776e+01,3.102787369789557559e+01,3.027526183572494034e+01,4.257202832122599290e+01,3.483783053936088692e+01,3.893863702113264225e+01,3.475251610671219993e+01,2.658160379210816515e+01,1.100794576465336050e+01,3.380750101570583155e+01,1.831748032712559038e+01,4.667968177235497507e+00,-5.998195670983219152e+00,-6.860541175566043037e+00,-2.983074740707673556e+01,-2.396288632000144503e+01,-3.494885405045396709e+01,-2.211581870477366607e+01,-1.842225781801894513e+01,-1.605928185382070694e+01,-7.613697494464986448e+00,-6.902404626512527841e+00,-4.636786132096687219e+00,-8.413613053177224632e-01,8.566606076926822078e-02,-3.169381231931203580e+00,5.091176436403912042e+00,6.085138335272320731e+00,6.530533318293126221e+00,4.920207614847859290e+00,2.334049938001874658e+00,4.856967253735268386e+00,-1.171397070871787527e+01,-1.252204324378900502e+01,-9.560812250820323044e+00,-7.998908560587860705e+00,-5.163857047362155228e+00,-5.238179585123236670e+00,-3.803292392445907666e+00,-2.671160723714431473e+00,-1.936561428083262149e+00,-2.244347779780557772e+00,-1.746148503296008236e+00,-1.415547666249143743e+00,-1.216696920809543725e+00,-8.401367330407504275e-01,-8.441198788427930477e-01,-7.083866319597614813e-01,-6.752959012023169727e-01,-5.291451888330028774e-01,-4.651085252958225280e-01,-3.557252919517272516e-01,-3.036380420222097865e-01,-2.273455332719343525e-01,-2.181536626024997427e-01,-2.258135571859478663e-01,-2.224432028569899022e-01,-2.356182207552298957e-01,-1.924164350007935842e-01,-1.660664149558077618e-01,-1.271541747063607564e-01
1.463098218616065083e+01,1.754408420143457192e+01,1.738042646041842332e+01,1.355084254891275108e+01,1.427093513641637479e+01,2.082816705690356329e+01,1.900208825775661481e+01,1.731661377940644897e+01,1.710757582317432934e+01,1.877591438914851452e+01,3.281114457361537973e+01,1.479883846152265733e+03,3.328650550477136250e+01,3.645817306403343849e+01,4.143487515044626690e+01,4.971333720333379347e+01,5.416020926856296569e+01,5.526603565860372669e+01,5.831401989759057614e+01,5.917453920423614022e+01,6.144239350940967626e+01,6.682263872959002526e+01,6.795433796323789011e+01,7.152012157669561532e+01,7.438414102763259450e+01,7.111515578207256283e+01,7.014763139185482999e+01,7.001829050439302193e+01,7.056642180033078660e+01,7.012325358418013366e+01,7.433297703566654491e+01,8.082140420601697883e+01,8.858571625186051790e+01,8.445411859000350319e+01,8.406780725675969279e+01,8.496582913579287322e+01,9.333586938388329202e+01,8.896452895236102165e+01,8.800295141769814222e+01,9.553100265420697212e+01,9.555759846452221495e+01,9.690963548060371124e+01,1.013488562809157258e+02,9.745764388858020766e+01,9.149826819334204231e+01,9.420639708039053062e+01,8.806322169672893097e+01,8.279377917902289141e+01,7.973172992757837108e+01,6.452705255882277413e+01,6.544499849495394983e+01,6.567307285631709135e+01,5.575343325145215800e+01,5.976487583475923060e+01,5.607966746990667417e+01,4.573392700030072433e+01,4.201823900773249676e+01,3.529830442571990545e+01,1.962859799482366441e+01,1.473880213705597875e+01,1.418078288976065160e+01,1.907902331520917372e+01,1.220472399745876224e+01,2.583217595083245399e+01,2.110708726626993226e+01,2.083475312622576325e+01,2.537705811161279357e+01,2.411758644588983813e+01,3.777972217260602861e+01,3.098015740788848049e+01,3.739487819745982478e+01,3.636886820203555715e+01,2.842822269503399113e+01,1.264567111731759752e+01,3.803915099161611124e+01,2.078240987620639046e+01,4.542984064763269991e+00,-9.213780407588155086e+00,-1.236415929008845715e+01,-3.588668444976787697e+01,-2.927617704604768889e+01,-4.143764841998136461e+01,-2.855016140659277113e+01,-2.425767086008888285e+01,-2.308140129896345627e+01,-1.112329665239672316e+01,-1.049537631683338113e+01,-9.680832473622196233e+00,-4.760992500413933293e+00,-2.648140699595977754e+00,-5.241554692984594865e+00,3.882360469448797424e+00,5.205067870032851651e+00,6.719047342589504979e+00,2.710899271635345720e+00,2.400483509491530276e-01,2.688224314191546060e+00,-1.242398245339964902e+01,-1.324522835311985069e+01,-1.011494019846744941e+01,-8.462634273435160281e+00,-5.476651129311722599e+00,-5.541360379192858510e+00,-4.025260684813919632e+00,-2.829956783176827528e+00,-2.052265021120264432e+00,-2.369580968907810448e+00,-1.843582487336978604e+00,-1.494534332310024194e+00,-1.284587840820695437e+00,-8.870158323182878446e-01,-8.912212351412928113e-01,-7.479141587783161294e-01,-7.129769861366653805e-01,-5.586711562904053130e-01,-4.910612873578405480e-01,-3.755745386530075502e-01,-3.205808530630694930e-01,-2.400312704923328044e-01,-2.303264992428947500e-01,-2.384138111079722733e-01,-2.348553931353526136e-01,-2.487655687141764327e-01,-2.031531505903899637e-01,-1.753328160631627830e-01,-1.342492973753075525e-01
